Total number of nodes: 5094
Total number of edges: 11996


Degree of Separation: 
Maximum degrees of separation: 13
Minimum degrees of separation: 1
Median for degrees of separation: 5
Mode for degrees of separation: [4]
Avg for degrees of separation: 5.0055


Diameter: 
Max_distance is 13 between node pairs (123814, 103031)


Degree Centrality: 
Indegree: 
[(226411, 231), (234704, 127), (105607, 120), (38342, 116), (81435, 116), (167295, 116), (198090, 116), (214128, 116), (34573, 115), (245659, 114), (17781, 52), (62478, 52), (77999, 52), (96745, 51), (120708, 51), (137632, 51), (176790, 51), (181701, 51), (183004, 51), (221087, 51)]
Outdegree: 
[(2656, 211), (195916, 211), (225872, 189), (175144, 159), (92583, 138), (251990, 98), (183865, 92), (279100, 92), (233947, 87), (210403, 84), (88679, 77), (72193, 77), (213898, 76), (27940, 75), (216433, 74), (49102, 68), (124470, 68), (141934, 66), (89073, 64), (241454, 64)]
Indegree of PageRank: 
[(2, 31), (226411, 231), (105607, 120), (38342, 116), (234704, 127), (167295, 116), (81435, 116), (198090, 116), (214128, 116), (34573, 115), (245659, 114), (89073, 16), (241454, 21), (170452, 13), (13, 3), (41825, 3), (76448, 3), (180949, 3), (134375, 13), (124470, 7)]
Indegree of Weighted PageRank: 
[(2, 31), (226411, 231), (241454, 21), (89073, 16), (225872, 22), (105607, 120), (119479, 9), (124470, 7), (91620, 4), (192935, 4), (234704, 127), (38342, 116), (20015, 4), (90, 6), (38, 2), (68952, 4), (245209, 1), (251990, 48), (6, 2), (18, 2)]
Indegree of HITS-Hub: 
[(7447, 2), (12569, 2), (17217, 2), (71996, 2), (93900, 2), (102533, 2), (162822, 2), (167050, 2), (179974, 2), (190554, 2), (205713, 2), (228612, 2), (255744, 2), (264776, 2), (102, 0), (138827, 1), (17, 0), (53, 0), (141904, 1), (244609, 1)]
Indegree of HITS-Auth: 
[(226411, 231), (234704, 127), (105607, 120), (81435, 116), (198090, 116), (214128, 116), (167295, 116), (34573, 115), (38342, 116), (245659, 114), (422, 14), (6331, 14), (12387, 14), (26523, 14), (44247, 14), (51917, 14), (64270, 14), (84375, 14), (86917, 14), (88429, 14)]


Closeness Centrality: 
Summation of distances of each node from other nodes: [(57031, 0), (13102, 0), (78056, 0), (47149, 0), (18816, 0), (182456, 0), (7213, 0), (10365, 0), (21315, 0), (25126, 0), (28140, 0), (40745, 0), (47352, 0), (58718, 0), (60036, 0), (83203, 0), (100770, 0), (120861, 0), (123955, 0), (133747, 0)]
Avg. of distances of each node from other nodes: [(57031, 0), (13102, 0), (78056, 0), (47149, 0), (18816, 0), (182456, 0), (7213, 0), (10365, 0), (21315, 0), (25126, 0), (28140, 0), (40745, 0), (47352, 0), (58718, 0), (60036, 0), (83203, 0), (100770, 0), (120861, 0), (123955, 0), (133747, 0)]
Closeness centrality of each node: [(6548, 1.0), (15409, 1.0), (194146, 1.0), (240934, 1.0), (55087, 1.0), (256298, 1.0), (19960, 1.0), (204648, 1.0), (95363, 1.0), (181503, 1.0), (25471, 1.0), (25276, 1.0), (125118, 1.0), (61511, 1.0), (28725, 1.0), (146656, 1.0), (116869, 1.0), (8191, 1.0), (151939, 1.0), (149627, 0.5)]
Closeness Centrality of PageRank: 
[(2, 0.02564102564102564), (226411, 0.00016846361185983828), (105607, 0.012345679012345678), (38342, 0.0001397819401733296), (234704, 0.00014058765640376775), (167295, 0.00011697274535033338), (81435, 0.008547008547008548), (198090, 0.009259259259259259), (214128, 0.00847457627118644), (34573, 0.00011697274535033338), (245659, 0.00013966480446927373), (89073, 0.006493506493506494), (241454, 0.009708737864077669), (170452, 0.0037313432835820895), (13, 0.3333333333333333), (41825, 0.3333333333333333), (76448, 0.3333333333333333), (180949, 0.3333333333333333), (134375, 0.0036900369003690036), (124470, 0.00013691128148959474)]
Closeness Centrality of Weighted PageRank: 
[(2, 0.02564102564102564), (226411, 0.00016846361185983828), (241454, 0.009708737864077669), (89073, 0.006493506493506494), (225872, 0.00010888501742160279), (105607, 0.012345679012345678), (119479, 0.03571428571428571), (124470, 0.00013691128148959474), (91620, 0.25), (192935, 0.25), (234704, 0.00014058765640376775), (38342, 0.0001397819401733296), (20015, 0.25), (90, 0.0001394700139470014), (38, 0.25), (68952, 0.25), (245209, 0.5), (251990, 0.000159821000479463), (6, 0.16666666666666666), (18, 0.16666666666666666)]
Closeness Centrality of HITS-Hub: 
[(7447, 0.00013890818169190166), (12569, 0.00013890818169190166), (17217, 0.00013890818169190166), (71996, 0.00013890818169190166), (93900, 0.00013890818169190166), (102533, 0.00013890818169190166), (162822, 0.00013890818169190166), (167050, 0.00013890818169190166), (179974, 0.00013890818169190166), (190554, 0.00013890818169190166), (205713, 0.00013890818169190166), (228612, 0.00013890818169190166), (255744, 0.00013890818169190166), (264776, 0.00013890818169190166), (102, 0.00013292569453675395), (138827, 0.00013294336612603032), (17, 0.00013890818169190166), (53, 0.00013890818169190166), (141904, 0.0001389274798555154), (244609, 0.0001389274798555154)]
Closeness Centrality of HITS-Auth: 
[(226411, 0.00016846361185983828), (234704, 0.00014058765640376775), (105607, 0.012345679012345678), (81435, 0.008547008547008548), (198090, 0.009259259259259259), (214128, 0.00847457627118644), (167295, 0.00011697274535033338), (34573, 0.00011697274535033338), (38342, 0.0001397819401733296), (245659, 0.00013966480446927373), (422, 0), (6331, 0), (12387, 0), (26523, 0), (44247, 0), (51917, 0), (64270, 0), (84375, 0), (86917, 0), (88429, 0)]


Eccentricity Centrality: 
[(6548, 1.0), (15409, 1.0), (18412, 1.0), (149627, 1.0), (194146, 1.0), (240934, 1.0), (55087, 1.0), (149993, 1.0), (13, 1.0), (41825, 1.0), (76448, 1.0), (180949, 1.0), (214109, 1.0), (256298, 1.0), (19960, 1.0), (142649, 1.0), (245209, 1.0), (244236, 1.0), (204648, 1.0), (95363, 1.0)]
Eccentricity Centrality of PageRank: 
[(2, 0.5), (226411, 0.125), (105607, 0.5), (38342, 0.1111111111111111), (234704, 0.1111111111111111), (167295, 0.1), (81435, 0.3333333333333333), (198090, 0.3333333333333333), (214128, 0.3333333333333333), (34573, 0.1), (245659, 0.1111111111111111), (89073, 0.5), (241454, 0.3333333333333333), (170452, 0.3333333333333333), (13, 1.0), (41825, 1.0), (76448, 1.0), (180949, 1.0), (134375, 0.3333333333333333), (124470, 0.1111111111111111)]
Eccentricity Centrality of Weighted PageRank: 
[(2, 0.5), (226411, 0.125), (241454, 0.3333333333333333), (89073, 0.5), (225872, 0.1), (105607, 0.5), (119479, 1.0), (124470, 0.1111111111111111), (91620, 0.5), (192935, 0.5), (234704, 0.1111111111111111), (38342, 0.1111111111111111), (20015, 0.5), (90, 0.1111111111111111), (38, 0.5), (68952, 0.5), (245209, 1.0), (251990, 0.1111111111111111), (6, 0.5), (18, 0.5)]
Eccentricity Centrality of HITS-Hub: 
[(7447, 0.1111111111111111), (12569, 0.1111111111111111), (17217, 0.1111111111111111), (71996, 0.1111111111111111), (93900, 0.1111111111111111), (102533, 0.1111111111111111), (162822, 0.1111111111111111), (167050, 0.1111111111111111), (179974, 0.1111111111111111), (190554, 0.1111111111111111), (205713, 0.1111111111111111), (228612, 0.1111111111111111), (255744, 0.1111111111111111), (264776, 0.1111111111111111), (102, 0.1111111111111111), (138827, 0.1111111111111111), (17, 0.1111111111111111), (53, 0.1111111111111111), (141904, 0.1111111111111111), (244609, 0.1111111111111111)]
Eccentricity Centrality of HITS-Auth: 
[(226411, 0.125), (234704, 0.1111111111111111), (105607, 0.5), (81435, 0.3333333333333333), (198090, 0.3333333333333333), (214128, 0.3333333333333333), (167295, 0.1), (34573, 0.1), (38342, 0.1111111111111111), (245659, 0.1111111111111111), (422, 0), (6331, 0), (12387, 0), (26523, 0), (44247, 0), (51917, 0), (64270, 0), (84375, 0), (86917, 0), (88429, 0)]


Shortest Path Betweenness Centrality: 
[(226411, 0.01573018589223195), (112742, 0.00784973453074833), (17737, 0.00472001675061237), (243109, 0.004389250907169645), (91, 0.003229391313177431), (232712, 0.0032198269339028178), (219782, 0.0028891989351923944), (204562, 0.0025649092113193706), (145892, 0.0022876234993931105), (13719, 0.0017598435016007833), (84382, 0.0017444516029091169), (223222, 0.0016509195555462902), (60440, 0.001614870668782707), (251990, 0.0014502853675106024), (92583, 0.0012927652497790893), (253245, 0.0011395736275538735), (84428, 0.0010886402556667437), (133797, 0.0010764046396105494), (183865, 0.0009831573098388498), (259343, 0.0009646318203848842)]
Betweenness Centrality of PageRank: 
[(2, 4.04880842411276e-05), (226411, 0.01573018589223195), (105607, 0.0006520123966030729), (38342, 0.00016071841439716173), (234704, 0.0006478123316737736), (167295, 4.920266237302744e-05), (81435, 9.70557219380173e-05), (198090, 0.00017380956163512632), (214128, 8.539129766854958e-05), (34573, 2.2364846533194293e-05), (245659, 2.6143734395699534e-05), (89073, 0.00011820592594397777), (241454, 6.37976527399482e-05), (170452, 2.697277612063691e-05), (13, 0.0), (41825, 0.0), (76448, 0.0), (180949, 0.0), (134375, 2.546893299168074e-05), (124470, 0.0002960000292028341)]
Betweenness Centrality of Weighted PageRank: 
[(2, 4.04880842411276e-05), (226411, 0.01573018589223195), (241454, 6.37976527399482e-05), (89073, 0.00011820592594397777), (225872, 0.0007834283633657233), (105607, 0.0006520123966030729), (119479, 9.717140217870623e-06), (124470, 0.0002960000292028341), (91620, 1.5424032091858132e-07), (192935, 1.5424032091858132e-07), (234704, 0.0006478123316737736), (38342, 0.00016071841439716173), (20015, 9.640020057411332e-08), (90, 0.00024256218468458396), (38, 1.1568024068893599e-07), (68952, 1.5424032091858132e-07), (245209, 3.856008022964533e-08), (251990, 0.0014502853675106024), (6, 1.5424032091858132e-07), (18, 1.5424032091858132e-07)]
Betweenness Centrality of HITS-Hub: 
[(7447, 1.432231551386826e-07), (12569, 1.432231551386826e-07), (17217, 1.432231551386826e-07), (71996, 1.432231551386826e-07), (93900, 1.432231551386826e-07), (102533, 1.432231551386826e-07), (162822, 1.432231551386826e-07), (167050, 1.432231551386826e-07), (179974, 1.432231551386826e-07), (190554, 1.432231551386826e-07), (205713, 1.432231551386826e-07), (228612, 1.432231551386826e-07), (255744, 1.432231551386826e-07), (264776, 1.432231551386826e-07), (102, 0.0), (138827, 0.0), (17, 0.0), (53, 0.0), (141904, 0.0), (244609, 0.0)]
Betweenness Centrality of HITS-Auth: 
[(226411, 0.01573018589223195), (234704, 0.0006478123316737736), (105607, 0.0006520123966030729), (81435, 9.70557219380173e-05), (198090, 0.00017380956163512632), (214128, 8.539129766854958e-05), (167295, 4.920266237302744e-05), (34573, 2.2364846533194293e-05), (38342, 0.00016071841439716173), (245659, 2.6143734395699534e-05), (422, 0.0), (6331, 0.0), (12387, 0.0), (26523, 0.0), (44247, 0.0), (51917, 0.0), (64270, 0.0), (84375, 0.0), (86917, 0.0), (88429, 0.0)]


